1:    0.181 0.152 0.242 0.249 0.177 1    
2:    0.216 0.178 0.245 0.182 0.179 1    
3:    0.194 0.225 0.166 0.195 0.220 1    
4:    0.234 0.188 0.206 0.171 0.201 1    
5:    0.194 0.140 0.265 0.237 0.164 1    
6:    0.208 0.216 0.192 0.191 0.193 1    
7:    0.181 0.252 0.158 0.210 0.199 1    
8:    0.233 0.127 0.296 0.162 0.181 1    
9:    0.183 0.171 0.203 0.244 0.200 1    
10:   0.226 0.155 0.271 0.174 0.174 1    
11:   0.240 0.162 0.255 0.153 0.190 1    
12:   0.179 0.198 0.197 0.244 0.182 1    
13:   0.202 0.216 0.185 0.182 0.215 1    
14:   0.232 0.123 0.318 0.166 0.161 1    
15:   0.209 0.192 0.213 0.179 0.208 1    
16:   0.229 0.150 0.261 0.188 0.172 1    
17:   0.194 0.198 0.195 0.192 0.220 1    
18:   0.228 0.156 0.264 0.168 0.183 1    
19:   0.251 0.166 0.243 0.152 0.189 1    
20:   0.214 0.166 0.253 0.170 0.197 1    
21:   0.256 0.169 0.234 0.149 0.193 1    
22:   0.200 0.197 0.164 0.183 0.255 1    
23:   0.171 0.268 0.132 0.226 0.203 1    
24:   0.202 0.159 0.272 0.205 0.162 1    
25:   0.189 0.182 0.231 0.232 0.166 1    
26:   0.197 0.194 0.172 0.178 0.259 1    
27:   0.199 0.179 0.215 0.205 0.203 1    
28:   0.244 0.157 0.226 0.171 0.202 1    
29:   0.217 0.164 0.250 0.195 0.174 1    
30:   0.196 0.213 0.198 0.186 0.207 1    
31:   0.230 0.133 0.297 0.156 0.185 1    
32:   0.222 0.143 0.293 0.173 0.169 1    
33:   0.242 0.195 0.182 0.186 0.195 1    
34:   0.220 0.194 0.224 0.179 0.183 1    
35:   0.205 0.158 0.186 0.196 0.255 1    
36:   0.180 0.151 0.232 0.254 0.182 1    
37:   0.198 0.176 0.193 0.172 0.261 1    
38:   0.170 0.240 0.164 0.196 0.230 1    
39:   0.195 0.149 0.238 0.240 0.177 1    
40:   0.232 0.192 0.211 0.178 0.187 1    
41:   0.193 0.154 0.234 0.228 0.191 1    
42:   0.174 0.179 0.225 0.249 0.172 1    
43:   0.268 0.157 0.248 0.138 0.188 1    
44:   0.233 0.132 0.305 0.171 0.159 1    
45:   0.197 0.152 0.238 0.229 0.184 1    
46:   0.269 0.158 0.246 0.138 0.188 1    
47:   0.214 0.156 0.223 0.183 0.224 1    
48:   0.213 0.141 0.266 0.208 0.171 1    
49:   0.228 0.134 0.284 0.166 0.188 1    
50:   0.236 0.171 0.241 0.166 0.185 1    
51:   0.185 0.137 0.255 0.250 0.172 1    
52:   0.214 0.180 0.215 0.186 0.204 1    
53:   0.181 0.202 0.197 0.217 0.203 1    
54:   0.204 0.198 0.198 0.189 0.211 1    
55:   0.212 0.223 0.170 0.195 0.199 1    
56:   0.192 0.251 0.154 0.211 0.192 1    
57:   0.203 0.208 0.192 0.194 0.204 1    
58:   0.216 0.156 0.245 0.172 0.211 1    
59:   0.181 0.254 0.128 0.209 0.229 1    
60:   0.237 0.132 0.299 0.164 0.168 1    
61:   0.220 0.173 0.214 0.175 0.219 1    
62:   0.242 0.164 0.254 0.156 0.185 1    
63:   0.237 0.144 0.260 0.161 0.198 1    
64:   0.165 0.279 0.128 0.212 0.216 1    
65:   0.196 0.129 0.272 0.235 0.167 1    
66:   0.199 0.213 0.199 0.183 0.207 1    
67:   0.193 0.269 0.099 0.234 0.206 1    
68:   0.226 0.219 0.165 0.192 0.197 1    
69:   0.173 0.185 0.194 0.264 0.184 1    
70:   0.185 0.158 0.235 0.249 0.173 1    
71:   0.207 0.162 0.250 0.207 0.174 1    
72:   0.163 0.252 0.155 0.204 0.225 1    
73:   0.195 0.269 0.099 0.232 0.206 1    
74:   0.246 0.161 0.257 0.152 0.184 1    
75:   0.229 0.178 0.232 0.171 0.190 1    
76:   0.193 0.150 0.240 0.237 0.179 1    
77:   0.191 0.134 0.256 0.240 0.178 1    
78:   0.227 0.145 0.253 0.163 0.212 1    
79:   0.226 0.166 0.226 0.175 0.206 1    
80:   0.197 0.147 0.250 0.239 0.167 1    
81:   0.198 0.204 0.206 0.197 0.195 1    
82:   0.226 0.176 0.217 0.166 0.215 1    
83:   0.196 0.172 0.195 0.195 0.242 1    
84:   0.201 0.147 0.277 0.214 0.161 1    
85:   0.187 0.282 0.086 0.239 0.207 1    
86:   0.200 0.140 0.230 0.222 0.208 1    
87:   0.174 0.254 0.148 0.213 0.212 1    
88:   0.239 0.170 0.236 0.160 0.195 1    
89:   0.228 0.173 0.230 0.170 0.199 1    
90:   0.177 0.180 0.217 0.253 0.172 1    
91:   0.211 0.157 0.228 0.189 0.215 1    
92:   0.190 0.183 0.237 0.217 0.173 1    
93:   0.232 0.166 0.240 0.170 0.191 1    
94:   0.200 0.185 0.209 0.219 0.188 1    
95:   0.199 0.183 0.198 0.181 0.239 1    
96:   0.193 0.223 0.171 0.186 0.228 1    
97:   0.169 0.277 0.126 0.225 0.202 1    
98:   0.205 0.150 0.252 0.202 0.191 1    
99:   0.222 0.155 0.243 0.201 0.180 1    
100:  0.206 0.159 0.214 0.220 0.201 1    
101:  0.225 0.159 0.231 0.189 0.195 1    
102:  0.176 0.208 0.182 0.234 0.201 1    
103:  0.238 0.180 0.204 0.162 0.217 1    
104:  0.185 0.243 0.151 0.211 0.211 1    
105:  0.195 0.149 0.261 0.234 0.161 1    
106:  0.164 0.285 0.132 0.214 0.204 1    
107:  0.185 0.191 0.189 0.215 0.219 1    
108:  0.220 0.138 0.293 0.187 0.162 1    
109:  0.184 0.149 0.228 0.248 0.191 1    
110:  0.185 0.186 0.235 0.217 0.177 1    
111:  0.246 0.147 0.270 0.152 0.186 1    
112:  0.249 0.165 0.227 0.154 0.206 1    
113:  0.207 0.171 0.208 0.207 0.206 1    
114:  0.184 0.254 0.141 0.208 0.214 1    
115:  0.206 0.157 0.220 0.220 0.197 1    
116:  0.214 0.188 0.226 0.183 0.190 1    
117:  0.133 0.305 0.140 0.224 0.199 1    
118:  0.139 0.314 0.129 0.235 0.183 1    
119:  0.151 0.276 0.159 0.208 0.205 1    
120:  0.152 0.286 0.133 0.219 0.209 1    
121:  0.134 0.325 0.121 0.244 0.177 1    
122:  0.156 0.285 0.140 0.220 0.200 1    
123:  0.154 0.265 0.162 0.205 0.215 1    
124:  0.159 0.273 0.147 0.220 0.201 1    
125:  0.164 0.283 0.122 0.231 0.201 1    
126:  0.136 0.318 0.132 0.230 0.184 1    
127:  0.154 0.295 0.131 0.223 0.198 1    
128:  0.147 0.310 0.123 0.229 0.191 1    
129:  0.146 0.287 0.148 0.222 0.197 1    
130:  0.152 0.305 0.123 0.237 0.184 1    
131:  0.173 0.249 0.159 0.195 0.223 1    
132:  0.156 0.282 0.143 0.220 0.200 1    
133:  0.176 0.225 0.171 0.185 0.242 1    
134:  0.133 0.324 0.125 0.239 0.178 1    
135:  0.170 0.262 0.155 0.212 0.200 1    
136:  0.189 0.234 0.150 0.202 0.224 1    
                    
                    
1:    0.231 0.096 0.292 0.263 0.118 1    
2:    0.211 0.163 0.235 0.210 0.181 1    
3:    0.136 0.262 0.189 0.183 0.229 1    
4:    0.325 0.130 0.180 0.168 0.198 1    
5:    0.245 0.077 0.320 0.260 0.098 1    
6:    0.230 0.218 0.173 0.173 0.207 1    
7:    0.143 0.306 0.153 0.174 0.225 1    
8:    0.249 0.073 0.297 0.234 0.147 1    
9:    0.203 0.146 0.255 0.239 0.157 1    
10:   0.278 0.081 0.266 0.232 0.142 1    
11:   0.307 0.080 0.206 0.183 0.225 1    
12:   0.200 0.200 0.235 0.216 0.149 1    
13:   0.201 0.232 0.152 0.173 0.242 1    
14:   0.268 0.053 0.318 0.243 0.118 1    
15:   0.221 0.166 0.180 0.205 0.228 1    
16:   0.296 0.065 0.276 0.233 0.130 1    
17:   0.154 0.231 0.179 0.202 0.235 1    
18:   0.291 0.085 0.241 0.200 0.183 1    
19:   0.376 0.063 0.176 0.166 0.219 1    
20:   0.239 0.132 0.233 0.212 0.185 1    
21:   0.404 0.051 0.171 0.159 0.214 1    
22:   0.137 0.239 0.185 0.186 0.253 1    
23:   0.119 0.370 0.139 0.167 0.205 1    
24:   0.229 0.111 0.294 0.250 0.116 1    
25:   0.218 0.145 0.263 0.237 0.137 1    
26:   0.129 0.255 0.189 0.170 0.257 1    
27:   0.182 0.152 0.243 0.222 0.201 1    
28:   0.306 0.085 0.211 0.179 0.218 1    
29:   0.248 0.114 0.262 0.219 0.157 1    
30:   0.180 0.214 0.175 0.189 0.243 1    
31:   0.270 0.070 0.275 0.233 0.151 1    
32:   0.290 0.070 0.261 0.223 0.156 1    
33:   0.269 0.178 0.156 0.180 0.216 1    
34:   0.238 0.148 0.231 0.185 0.198 1    
35:   0.163 0.178 0.233 0.192 0.234 1    
36:   0.232 0.099 0.293 0.258 0.118 1    
37:   0.148 0.169 0.215 0.198 0.270 1    
38:   0.125 0.268 0.158 0.197 0.252 1    
39:   0.235 0.096 0.288 0.253 0.129 1    
40:   0.312 0.127 0.183 0.177 0.202 1    
41:   0.228 0.106 0.272 0.240 0.153 1    
42:   0.216 0.132 0.274 0.246 0.131 1    
43:   0.438 0.033 0.164 0.157 0.207 1    
44:   0.252 0.062 0.314 0.245 0.127 1    
45:   0.230 0.101 0.288 0.236 0.144 1    
46:   0.438 0.035 0.163 0.155 0.209 1    
47:   0.174 0.137 0.255 0.206 0.228 1    
48:   0.286 0.067 0.278 0.235 0.134 1    
49:   0.265 0.070 0.285 0.225 0.155 1    
50:   0.273 0.123 0.219 0.186 0.200 1    
51:   0.249 0.074 0.318 0.264 0.096 1    
52:   0.213 0.184 0.216 0.209 0.179 1    
53:   0.166 0.182 0.215 0.220 0.217 1    
54:   0.164 0.217 0.171 0.214 0.234 1    
55:   0.237 0.241 0.151 0.175 0.195 1    
56:   0.119 0.367 0.147 0.189 0.178 1    
57:   0.183 0.250 0.190 0.196 0.180 1    
58:   0.220 0.121 0.251 0.212 0.196 1    
59:   0.091 0.341 0.138 0.208 0.222 1    
60:   0.280 0.058 0.289 0.232 0.141 1    
61:   0.198 0.180 0.201 0.210 0.211 1    
62:   0.305 0.101 0.225 0.178 0.191 1    
63:   0.242 0.115 0.239 0.219 0.185 1    
64:   0.093 0.364 0.118 0.184 0.241 1    
65:   0.246 0.067 0.324 0.267 0.096 1    
66:   0.179 0.193 0.162 0.207 0.259 1    
67:   0.076 0.463 0.113 0.191 0.158 1    
68:   0.201 0.263 0.155 0.183 0.197 1    
69:   0.209 0.154 0.258 0.233 0.146 1    
70:   0.231 0.111 0.289 0.256 0.114 1    
71:   0.250 0.110 0.256 0.225 0.159 1    
72:   0.112 0.284 0.158 0.187 0.259 1    
73:   0.075 0.470 0.109 0.189 0.158 1    
74:   0.329 0.082 0.200 0.181 0.209 1    
75:   0.277 0.135 0.216 0.176 0.196 1    
76:   0.227 0.099 0.295 0.249 0.129 1    
77:   0.244 0.080 0.312 0.261 0.103 1    
78:   0.238 0.105 0.242 0.208 0.207 1    
79:   0.203 0.161 0.214 0.213 0.209 1    
80:   0.259 0.087 0.291 0.246 0.118 1    
81:   0.199 0.188 0.202 0.203 0.208 1    
82:   0.271 0.135 0.194 0.184 0.216 1    
83:   0.168 0.179 0.228 0.200 0.225 1    
84:   0.237 0.085 0.308 0.263 0.107 1    
85:   0.061 0.496 0.103 0.185 0.155 1    
86:   0.224 0.116 0.259 0.238 0.164 1    
87:   0.115 0.307 0.161 0.185 0.233 1    
88:   0.355 0.073 0.205 0.183 0.184 1    
89:   0.260 0.119 0.208 0.185 0.228 1    
90:   0.227 0.130 0.269 0.238 0.136 1    
91:   0.229 0.119 0.247 0.205 0.200 1    
92:   0.204 0.177 0.252 0.233 0.133 1    
93:   0.329 0.081 0.199 0.183 0.209 1    
94:   0.260 0.139 0.233 0.199 0.169 1    
95:   0.158 0.188 0.212 0.210 0.233 1    
96:   0.135 0.260 0.160 0.195 0.250 1    
97:   0.087 0.424 0.120 0.176 0.193 1    
98:   0.231 0.107 0.281 0.241 0.140 1    
99:   0.313 0.069 0.257 0.213 0.148 1    
100:  0.262 0.119 0.238 0.205 0.176 1    
101:  0.246 0.118 0.242 0.198 0.196 1    
102:  0.186 0.199 0.212 0.211 0.193 1    
103:  0.295 0.133 0.178 0.173 0.221 1    
104:  0.143 0.345 0.149 0.163 0.200 1    
105:  0.242 0.085 0.308 0.259 0.106 1    
106:  0.096 0.385 0.117 0.172 0.230 1    
107:  0.166 0.176 0.228 0.210 0.221 1    
108:  0.261 0.066 0.306 0.248 0.118 1    
109:  0.242 0.105 0.281 0.241 0.131 1    
110:  0.204 0.158 0.261 0.230 0.148 1    
111:  0.292 0.077 0.252 0.203 0.176 1    
112:  0.350 0.085 0.187 0.173 0.205 1    
113:  0.212 0.170 0.227 0.197 0.194 1    
114:  0.104 0.325 0.134 0.201 0.235 1    
115:  0.276 0.092 0.257 0.213 0.162 1    
116:  0.237 0.171 0.203 0.195 0.193 1    
117:  0.088 0.347 0.120 0.184 0.262 1    
118:  0.083 0.402 0.108 0.160 0.248 1    
119:  0.113 0.307 0.127 0.186 0.266 1    
120:  0.089 0.336 0.128 0.191 0.255 1    
121:  0.073 0.437 0.107 0.161 0.222 1    
122:  0.095 0.395 0.114 0.166 0.230 1    
123:  0.113 0.288 0.136 0.201 0.263 1    
124:  0.108 0.340 0.137 0.184 0.230 1    
125:  0.086 0.455 0.105 0.158 0.196 1    
126:  0.084 0.375 0.124 0.174 0.243 1    
127:  0.083 0.427 0.106 0.158 0.226 1    
128:  0.077 0.429 0.106 0.162 0.226 1    
129:  0.096 0.342 0.127 0.182 0.252 1    
130:  0.074 0.476 0.105 0.156 0.189 1    
131:  0.126 0.298 0.149 0.170 0.257 1    
132:  0.096 0.378 0.123 0.173 0.230 1    
133:  0.126 0.221 0.177 0.196 0.281 1    
134:  0.074 0.443 0.106 0.163 0.214 1    
135:  0.107 0.354 0.143 0.186 0.210 1    
136:  0.118 0.341 0.151 0.182 0.208 1    
                    
                    
1:    0.181 0.152 0.242 0.249 0.177 1    
2:    0.216 0.178 0.245 0.182 0.179 1    
3:    0.194 0.225 0.166 0.195 0.220 1    
4:    0.234 0.188 0.206 0.171 0.201 1    
5:    0.194 0.140 0.265 0.237 0.164 1    
6:    0.208 0.216 0.192 0.191 0.193 1    
7:    0.181 0.252 0.158 0.210 0.199 1    
8:    0.233 0.127 0.296 0.162 0.181 1    
9:    0.183 0.171 0.203 0.244 0.200 1    
10:   0.226 0.155 0.271 0.174 0.174 1    
11:   0.240 0.162 0.255 0.153 0.190 1    
12:   0.179 0.198 0.197 0.244 0.182 1    
13:   0.202 0.216 0.185 0.182 0.215 1    
14:   0.232 0.123 0.318 0.166 0.161 1    
15:   0.209 0.192 0.213 0.179 0.208 1    
16:   0.229 0.150 0.261 0.188 0.172 1    
17:   0.194 0.198 0.195 0.192 0.220 1    
18:   0.228 0.156 0.264 0.168 0.183 1    
19:   0.251 0.166 0.243 0.152 0.189 1    
20:   0.214 0.166 0.253 0.170 0.197 1    
21:   0.256 0.169 0.234 0.149 0.193 1    
22:   0.200 0.197 0.164 0.183 0.255 1    
23:   0.171 0.268 0.132 0.226 0.203 1    
24:   0.202 0.159 0.272 0.205 0.162 1    
25:   0.189 0.182 0.231 0.232 0.166 1    
26:   0.197 0.194 0.172 0.178 0.259 1    
27:   0.199 0.179 0.215 0.205 0.203 1    
28:   0.244 0.157 0.226 0.171 0.202 1    
29:   0.217 0.164 0.250 0.195 0.174 1    
30:   0.196 0.213 0.198 0.186 0.207 1    
31:   0.230 0.133 0.297 0.156 0.185 1    
32:   0.222 0.143 0.293 0.173 0.169 1    
33:   0.242 0.195 0.182 0.186 0.195 1    
34:   0.220 0.194 0.224 0.179 0.183 1    
35:   0.205 0.158 0.186 0.196 0.255 1    
36:   0.180 0.151 0.232 0.254 0.182 1    
37:   0.198 0.176 0.193 0.172 0.261 1    
38:   0.170 0.240 0.164 0.196 0.230 1    
39:   0.195 0.149 0.238 0.240 0.177 1    
40:   0.232 0.192 0.211 0.178 0.187 1    
41:   0.193 0.154 0.234 0.228 0.191 1    
42:   0.174 0.179 0.225 0.249 0.172 1    
43:   0.268 0.157 0.248 0.138 0.188 1    
44:   0.233 0.132 0.305 0.171 0.159 1    
45:   0.197 0.152 0.238 0.229 0.184 1    
46:   0.269 0.158 0.246 0.138 0.188 1    
47:   0.214 0.156 0.223 0.183 0.224 1    
48:   0.213 0.141 0.266 0.208 0.171 1    
49:   0.228 0.134 0.284 0.166 0.188 1    
50:   0.236 0.171 0.241 0.166 0.185 1    
51:   0.185 0.137 0.255 0.250 0.172 1    
52:   0.214 0.180 0.215 0.186 0.204 1    
53:   0.181 0.202 0.197 0.217 0.203 1    
54:   0.204 0.198 0.198 0.189 0.211 1    
55:   0.212 0.223 0.170 0.195 0.199 1    
56:   0.192 0.251 0.154 0.211 0.192 1    
57:   0.203 0.208 0.192 0.194 0.204 1    
58:   0.216 0.156 0.245 0.172 0.211 1    
59:   0.181 0.254 0.128 0.209 0.229 1    
60:   0.237 0.132 0.299 0.164 0.168 1    
61:   0.220 0.173 0.214 0.175 0.219 1    
62:   0.242 0.164 0.254 0.156 0.185 1    
63:   0.237 0.144 0.260 0.161 0.198 1    
64:   0.165 0.279 0.128 0.212 0.216 1    
65:   0.196 0.129 0.272 0.235 0.167 1    
66:   0.199 0.213 0.199 0.183 0.207 1    
67:   0.193 0.269 0.099 0.234 0.206 1    
68:   0.226 0.219 0.165 0.192 0.197 1    
69:   0.173 0.185 0.194 0.264 0.184 1    
70:   0.185 0.158 0.235 0.249 0.173 1    
71:   0.207 0.162 0.250 0.207 0.174 1    
72:   0.163 0.252 0.155 0.204 0.225 1    
73:   0.195 0.269 0.099 0.232 0.206 1    
74:   0.246 0.161 0.257 0.152 0.184 1    
75:   0.229 0.178 0.232 0.171 0.190 1    
76:   0.193 0.150 0.240 0.237 0.179 1    
77:   0.191 0.134 0.256 0.240 0.178 1    
78:   0.227 0.145 0.253 0.163 0.212 1    
79:   0.226 0.166 0.226 0.175 0.206 1    
80:   0.197 0.147 0.250 0.239 0.167 1    
81:   0.198 0.204 0.206 0.197 0.195 1    
82:   0.226 0.176 0.217 0.166 0.215 1    
83:   0.196 0.172 0.195 0.195 0.242 1    
84:   0.201 0.147 0.277 0.214 0.161 1    
85:   0.187 0.282 0.086 0.239 0.207 1    
86:   0.200 0.140 0.230 0.222 0.208 1    
87:   0.174 0.254 0.148 0.213 0.212 1    
88:   0.239 0.170 0.236 0.160 0.195 1    
89:   0.228 0.173 0.230 0.170 0.199 1    
90:   0.177 0.180 0.217 0.253 0.172 1    
91:   0.211 0.157 0.228 0.189 0.215 1    
92:   0.190 0.183 0.237 0.217 0.173 1    
93:   0.232 0.166 0.240 0.170 0.191 1    
94:   0.200 0.185 0.209 0.219 0.188 1    
95:   0.199 0.183 0.198 0.181 0.239 1    
96:   0.193 0.223 0.171 0.186 0.228 1    
97:   0.169 0.277 0.126 0.225 0.202 1    
98:   0.205 0.150 0.252 0.202 0.191 1    
99:   0.222 0.155 0.243 0.201 0.180 1    
100:  0.206 0.159 0.214 0.220 0.201 1    
101:  0.225 0.159 0.231 0.189 0.195 1    
102:  0.176 0.208 0.182 0.234 0.201 1    
103:  0.238 0.180 0.204 0.162 0.217 1    
104:  0.185 0.243 0.151 0.211 0.211 1    
105:  0.195 0.149 0.261 0.234 0.161 1    
106:  0.164 0.285 0.132 0.214 0.204 1    
107:  0.185 0.191 0.189 0.215 0.219 1    
108:  0.220 0.138 0.293 0.187 0.162 1    
109:  0.184 0.149 0.228 0.248 0.191 1    
110:  0.185 0.186 0.235 0.217 0.177 1    
111:  0.246 0.147 0.270 0.152 0.186 1    
112:  0.249 0.165 0.227 0.154 0.206 1    
113:  0.207 0.171 0.208 0.207 0.206 1    
114:  0.184 0.254 0.141 0.208 0.214 1    
115:  0.206 0.157 0.220 0.220 0.197 1    
116:  0.214 0.188 0.226 0.183 0.190 1    
117:  0.133 0.305 0.140 0.224 0.199 1    
118:  0.139 0.314 0.129 0.235 0.183 1    
119:  0.151 0.276 0.159 0.208 0.205 1    
120:  0.152 0.286 0.133 0.219 0.209 1    
121:  0.134 0.325 0.121 0.244 0.177 1    
122:  0.156 0.285 0.140 0.220 0.200 1    
123:  0.154 0.265 0.162 0.205 0.215 1    
124:  0.159 0.273 0.147 0.220 0.201 1    
125:  0.164 0.283 0.122 0.231 0.201 1    
126:  0.136 0.318 0.132 0.230 0.184 1    
127:  0.154 0.295 0.131 0.223 0.198 1    
128:  0.147 0.310 0.123 0.229 0.191 1    
129:  0.146 0.287 0.148 0.222 0.197 1    
130:  0.152 0.305 0.123 0.237 0.184 1    
131:  0.173 0.249 0.159 0.195 0.223 1    
132:  0.156 0.282 0.143 0.220 0.200 1    
133:  0.176 0.225 0.171 0.185 0.242 1    
134:  0.133 0.324 0.125 0.239 0.178 1    
135:  0.170 0.262 0.155 0.212 0.200 1    
136:  0.189 0.234 0.150 0.202 0.224 1    
                    
                    
1:    0.181 0.152 0.242 0.249 0.177 1    
2:    0.216 0.178 0.245 0.182 0.179 1    
3:    0.194 0.225 0.166 0.195 0.220 1    
4:    0.234 0.188 0.206 0.171 0.201 1    
5:    0.194 0.140 0.265 0.237 0.164 1    
6:    0.208 0.216 0.192 0.191 0.193 1    
7:    0.181 0.252 0.158 0.210 0.199 1    
8:    0.233 0.127 0.296 0.162 0.181 1    
9:    0.183 0.171 0.203 0.244 0.200 1    
10:   0.226 0.155 0.271 0.174 0.174 1    
11:   0.240 0.162 0.255 0.153 0.190 1    
12:   0.179 0.198 0.197 0.244 0.182 1    
13:   0.202 0.216 0.185 0.182 0.215 1    
14:   0.232 0.123 0.318 0.166 0.161 1    
15:   0.209 0.192 0.213 0.179 0.208 1    
16:   0.229 0.150 0.261 0.188 0.172 1    
17:   0.194 0.198 0.195 0.192 0.220 1    
18:   0.228 0.156 0.264 0.168 0.183 1    
19:   0.251 0.166 0.243 0.152 0.189 1    
20:   0.214 0.166 0.253 0.170 0.197 1    
21:   0.256 0.169 0.234 0.149 0.193 1    
22:   0.200 0.197 0.164 0.183 0.255 1    
23:   0.171 0.268 0.132 0.226 0.203 1    
24:   0.202 0.159 0.272 0.205 0.162 1    
25:   0.189 0.182 0.231 0.232 0.166 1    
26:   0.197 0.194 0.172 0.178 0.259 1    
27:   0.199 0.179 0.215 0.205 0.203 1    
28:   0.244 0.157 0.226 0.171 0.202 1    
29:   0.217 0.164 0.250 0.195 0.174 1    
30:   0.196 0.213 0.198 0.186 0.207 1    
31:   0.230 0.133 0.297 0.156 0.185 1    
32:   0.222 0.143 0.293 0.173 0.169 1    
33:   0.242 0.195 0.182 0.186 0.195 1    
34:   0.220 0.194 0.224 0.179 0.183 1    
35:   0.205 0.158 0.186 0.196 0.255 1    
36:   0.180 0.151 0.232 0.254 0.182 1    
37:   0.198 0.176 0.193 0.172 0.261 1    
38:   0.170 0.240 0.164 0.196 0.230 1    
39:   0.195 0.149 0.238 0.240 0.177 1    
40:   0.232 0.192 0.211 0.178 0.187 1    
41:   0.193 0.154 0.234 0.228 0.191 1    
42:   0.174 0.179 0.225 0.249 0.172 1    
43:   0.268 0.157 0.248 0.138 0.188 1    
44:   0.233 0.132 0.305 0.171 0.159 1    
45:   0.197 0.152 0.238 0.229 0.184 1    
46:   0.269 0.158 0.246 0.138 0.188 1    
47:   0.214 0.156 0.223 0.183 0.224 1    
48:   0.213 0.141 0.266 0.208 0.171 1    
49:   0.228 0.134 0.284 0.166 0.188 1    
50:   0.236 0.171 0.241 0.166 0.185 1    
51:   0.185 0.137 0.255 0.250 0.172 1    
52:   0.214 0.180 0.215 0.186 0.204 1    
53:   0.181 0.202 0.197 0.217 0.203 1    
54:   0.204 0.198 0.198 0.189 0.211 1    
55:   0.212 0.223 0.170 0.195 0.199 1    
56:   0.192 0.251 0.154 0.211 0.192 1    
57:   0.203 0.208 0.192 0.194 0.204 1    
58:   0.216 0.156 0.245 0.172 0.211 1    
59:   0.181 0.254 0.128 0.209 0.229 1    
60:   0.237 0.132 0.299 0.164 0.168 1    
61:   0.220 0.173 0.214 0.175 0.219 1    
62:   0.242 0.164 0.254 0.156 0.185 1    
63:   0.237 0.144 0.260 0.161 0.198 1    
64:   0.165 0.279 0.128 0.212 0.216 1    
65:   0.196 0.129 0.272 0.235 0.167 1    
66:   0.199 0.213 0.199 0.183 0.207 1    
67:   0.193 0.269 0.099 0.234 0.206 1    
68:   0.226 0.219 0.165 0.192 0.197 1    
69:   0.173 0.185 0.194 0.264 0.184 1    
70:   0.185 0.158 0.235 0.249 0.173 1    
71:   0.207 0.162 0.250 0.207 0.174 1    
72:   0.163 0.252 0.155 0.204 0.225 1    
73:   0.195 0.269 0.099 0.232 0.206 1    
74:   0.246 0.161 0.257 0.152 0.184 1    
75:   0.229 0.178 0.232 0.171 0.190 1    
76:   0.193 0.150 0.240 0.237 0.179 1    
77:   0.191 0.134 0.256 0.240 0.178 1    
78:   0.227 0.145 0.253 0.163 0.212 1    
79:   0.226 0.166 0.226 0.175 0.206 1    
80:   0.197 0.147 0.250 0.239 0.167 1    
81:   0.198 0.204 0.206 0.197 0.195 1    
82:   0.226 0.176 0.217 0.166 0.215 1    
83:   0.196 0.172 0.195 0.195 0.242 1    
84:   0.201 0.147 0.277 0.214 0.161 1    
85:   0.187 0.282 0.086 0.239 0.207 1    
86:   0.200 0.140 0.230 0.222 0.208 1    
87:   0.174 0.254 0.148 0.213 0.212 1    
88:   0.239 0.170 0.236 0.160 0.195 1    
89:   0.228 0.173 0.230 0.170 0.199 1    
90:   0.177 0.180 0.217 0.253 0.172 1    
91:   0.211 0.157 0.228 0.189 0.215 1    
92:   0.190 0.183 0.237 0.217 0.173 1    
93:   0.232 0.166 0.240 0.170 0.191 1    
94:   0.200 0.185 0.209 0.219 0.188 1    
95:   0.199 0.183 0.198 0.181 0.239 1    
96:   0.193 0.223 0.171 0.186 0.228 1    
97:   0.169 0.277 0.126 0.225 0.202 1    
98:   0.205 0.150 0.252 0.202 0.191 1    
99:   0.222 0.155 0.243 0.201 0.180 1    
100:  0.206 0.159 0.214 0.220 0.201 1    
101:  0.225 0.159 0.231 0.189 0.195 1    
102:  0.176 0.208 0.182 0.234 0.201 1    
103:  0.238 0.180 0.204 0.162 0.217 1    
104:  0.185 0.243 0.151 0.211 0.211 1    
105:  0.195 0.149 0.261 0.234 0.161 1    
106:  0.164 0.285 0.132 0.214 0.204 1    
107:  0.185 0.191 0.189 0.215 0.219 1    
108:  0.220 0.138 0.293 0.187 0.162 1    
109:  0.184 0.149 0.228 0.248 0.191 1    
110:  0.185 0.186 0.235 0.217 0.177 1    
111:  0.246 0.147 0.270 0.152 0.186 1    
112:  0.249 0.165 0.227 0.154 0.206 1    
113:  0.207 0.171 0.208 0.207 0.206 1    
114:  0.184 0.254 0.141 0.208 0.214 1    
115:  0.206 0.157 0.220 0.220 0.197 1    
116:  0.214 0.188 0.226 0.183 0.190 1    
117:  0.133 0.305 0.140 0.224 0.199 1    
118:  0.139 0.314 0.129 0.235 0.183 1    
119:  0.151 0.276 0.159 0.208 0.205 1    
120:  0.152 0.286 0.133 0.219 0.209 1    
121:  0.134 0.325 0.121 0.244 0.177 1    
122:  0.156 0.285 0.140 0.220 0.200 1    
123:  0.154 0.265 0.162 0.205 0.215 1    
124:  0.159 0.273 0.147 0.220 0.201 1    
125:  0.164 0.283 0.122 0.231 0.201 1    
126:  0.136 0.318 0.132 0.230 0.184 1    
127:  0.154 0.295 0.131 0.223 0.198 1    
128:  0.147 0.310 0.123 0.229 0.191 1    
129:  0.146 0.287 0.148 0.222 0.197 1    
130:  0.152 0.305 0.123 0.237 0.184 1    
131:  0.173 0.249 0.159 0.195 0.223 1    
132:  0.156 0.282 0.143 0.220 0.200 1    
133:  0.176 0.225 0.171 0.185 0.242 1    
134:  0.133 0.324 0.125 0.239 0.178 1    
135:  0.170 0.262 0.155 0.212 0.200 1    
136:  0.189 0.234 0.150 0.202 0.224 1    
                    
                    
1:    0.252 0.095 0.263 0.210 0.180 1    
2:    0.188 0.216 0.211 0.211 0.175 1    
3:    0.192 0.204 0.170 0.221 0.213 1    
4:    0.196 0.247 0.208 0.165 0.184 1    
5:    0.257 0.092 0.271 0.204 0.176 1    
6:    0.201 0.232 0.186 0.186 0.196 1    
7:    0.181 0.226 0.177 0.196 0.220 1    
8:    0.211 0.183 0.231 0.207 0.167 1    
9:    0.243 0.118 0.229 0.208 0.201 1    
10:   0.220 0.176 0.242 0.186 0.177 1    
11:   0.207 0.250 0.196 0.193 0.155 1    
12:   0.232 0.157 0.232 0.195 0.183 1    
13:   0.183 0.227 0.186 0.191 0.213 1    
14:   0.225 0.164 0.248 0.199 0.164 1    
15:   0.189 0.219 0.200 0.206 0.185 1    
16:   0.231 0.147 0.261 0.180 0.180 1    
17:   0.172 0.200 0.199 0.215 0.214 1    
18:   0.216 0.220 0.214 0.192 0.158 1    
19:   0.210 0.260 0.200 0.171 0.159 1    
20:   0.197 0.214 0.207 0.200 0.182 1    
21:   0.208 0.266 0.204 0.159 0.164 1    
22:   0.200 0.188 0.156 0.223 0.232 1    
23:   0.187 0.213 0.171 0.207 0.221 1    
24:   0.242 0.133 0.245 0.204 0.175 1    
25:   0.246 0.139 0.240 0.196 0.178 1    
26:   0.197 0.185 0.151 0.237 0.230 1    
27:   0.214 0.161 0.219 0.211 0.195 1    
28:   0.210 0.228 0.199 0.189 0.174 1    
29:   0.218 0.187 0.219 0.206 0.171 1    
30:   0.189 0.214 0.189 0.204 0.202 1    
31:   0.209 0.196 0.225 0.201 0.168 1    
32:   0.211 0.200 0.233 0.203 0.153 1    
33:   0.173 0.239 0.202 0.179 0.206 1    
34:   0.207 0.240 0.190 0.202 0.161 1    
35:   0.212 0.155 0.172 0.241 0.219 1    
36:   0.254 0.092 0.260 0.210 0.184 1    
37:   0.195 0.175 0.170 0.232 0.228 1    
38:   0.190 0.214 0.157 0.209 0.230 1    
39:   0.247 0.107 0.260 0.208 0.178 1    
40:   0.196 0.231 0.215 0.179 0.179 1    
41:   0.241 0.128 0.238 0.207 0.186 1    
42:   0.249 0.114 0.249 0.205 0.184 1    
43:   0.212 0.275 0.201 0.158 0.154 1    
44:   0.221 0.163 0.251 0.200 0.164 1    
45:   0.242 0.126 0.247 0.207 0.178 1    
46:   0.212 0.275 0.201 0.157 0.154 1    
47:   0.202 0.171 0.198 0.229 0.199 1    
48:   0.239 0.147 0.246 0.198 0.170 1    
49:   0.217 0.189 0.219 0.207 0.168 1    
50:   0.201 0.241 0.205 0.193 0.158 1    
51:   0.262 0.079 0.276 0.208 0.176 1    
52:   0.184 0.199 0.214 0.198 0.206 1    
53:   0.209 0.171 0.200 0.210 0.209 1    
54:   0.168 0.212 0.203 0.214 0.202 1    
55:   0.188 0.241 0.195 0.179 0.197 1    
56:   0.176 0.236 0.185 0.193 0.210 1    
57:   0.183 0.205 0.204 0.198 0.210 1    
58:   0.209 0.184 0.202 0.212 0.193 1    
59:   0.182 0.202 0.171 0.219 0.226 1    
60:   0.224 0.189 0.233 0.195 0.158 1    
61:   0.171 0.204 0.208 0.207 0.211 1    
62:   0.215 0.260 0.194 0.182 0.149 1    
63:   0.186 0.214 0.220 0.200 0.180 1    
64:   0.180 0.237 0.158 0.191 0.234 1    
65:   0.258 0.084 0.274 0.209 0.175 1    
66:   0.180 0.223 0.193 0.205 0.198 1    
67:   0.166 0.238 0.173 0.206 0.217 1    
68:   0.181 0.239 0.195 0.180 0.206 1    
69:   0.254 0.121 0.233 0.210 0.182 1    
70:   0.256 0.098 0.259 0.210 0.177 1    
71:   0.219 0.167 0.236 0.200 0.177 1    
72:   0.191 0.205 0.157 0.218 0.229 1    
73:   0.164 0.239 0.174 0.206 0.218 1    
74:   0.205 0.257 0.204 0.178 0.155 1    
75:   0.211 0.247 0.192 0.189 0.161 1    
76:   0.246 0.107 0.258 0.206 0.184 1    
77:   0.250 0.088 0.272 0.210 0.181 1    
78:   0.198 0.213 0.203 0.209 0.177 1    
79:   0.180 0.205 0.216 0.204 0.196 1    
80:   0.255 0.111 0.262 0.200 0.172 1    
81:   0.203 0.197 0.203 0.201 0.195 1    
82:   0.189 0.225 0.205 0.183 0.197 1    
83:   0.216 0.152 0.185 0.227 0.221 1    
84:   0.246 0.109 0.261 0.207 0.177 1    
85:   0.164 0.242 0.170 0.207 0.218 1    
86:   0.229 0.138 0.219 0.220 0.193 1    
87:   0.198 0.207 0.165 0.210 0.221 1    
88:   0.215 0.238 0.220 0.158 0.168 1    
89:   0.203 0.227 0.197 0.203 0.171 1    
90:   0.251 0.112 0.255 0.204 0.177 1    
91:   0.214 0.179 0.204 0.210 0.193 1    
92:   0.221 0.156 0.225 0.211 0.186 1    
93:   0.205 0.214 0.222 0.181 0.178 1    
94:   0.217 0.169 0.237 0.187 0.190 1    
95:   0.195 0.192 0.191 0.214 0.208 1    
96:   0.187 0.212 0.173 0.209 0.219 1    
97:   0.181 0.243 0.157 0.206 0.212 1    
98:   0.224 0.140 0.243 0.211 0.183 1    
99:   0.232 0.165 0.251 0.180 0.172 1    
100:  0.220 0.159 0.235 0.188 0.198 1    
101:  0.212 0.202 0.205 0.207 0.174 1    
102:  0.220 0.160 0.214 0.201 0.205 1    
103:  0.182 0.234 0.204 0.175 0.205 1    
104:  0.193 0.217 0.174 0.198 0.217 1    
105:  0.252 0.096 0.268 0.208 0.176 1    
106:  0.183 0.246 0.149 0.188 0.234 1    
107:  0.226 0.169 0.192 0.207 0.206 1    
108:  0.229 0.153 0.253 0.194 0.171 1    
109:  0.248 0.104 0.258 0.203 0.187 1    
110:  0.226 0.148 0.232 0.207 0.188 1    
111:  0.212 0.240 0.208 0.184 0.157 1    
112:  0.197 0.241 0.211 0.166 0.185 1    
113:  0.212 0.171 0.201 0.222 0.194 1    
114:  0.180 0.216 0.171 0.213 0.220 1    
115:  0.233 0.151 0.237 0.195 0.185 1    
116:  0.199 0.227 0.203 0.194 0.177 1    
117:  0.171 0.248 0.149 0.194 0.238 1    
118:  0.170 0.267 0.147 0.182 0.234 1    
119:  0.171 0.238 0.161 0.194 0.236 1    
120:  0.182 0.235 0.161 0.199 0.222 1    
121:  0.168 0.274 0.138 0.187 0.233 1    
122:  0.184 0.254 0.150 0.176 0.236 1    
123:  0.175 0.225 0.166 0.202 0.232 1    
124:  0.183 0.237 0.163 0.193 0.224 1    
125:  0.182 0.249 0.148 0.198 0.222 1    
126:  0.172 0.267 0.145 0.186 0.230 1    
127:  0.177 0.267 0.150 0.177 0.229 1    
128:  0.181 0.267 0.145 0.183 0.224 1    
129:  0.172 0.244 0.153 0.193 0.237 1    
130:  0.165 0.281 0.138 0.191 0.224 1    
131:  0.183 0.222 0.155 0.199 0.241 1    
132:  0.180 0.247 0.143 0.202 0.229 1    
133:  0.192 0.196 0.157 0.218 0.237 1    
134:  0.168 0.277 0.136 0.188 0.232 1    
135:  0.175 0.248 0.163 0.200 0.215 1    
136:  0.176 0.221 0.166 0.205 0.232 1    
                    
                    
1:    0.200 0.089 0.290 0.275 0.146 1    
2:    0.201 0.180 0.246 0.183 0.190 1    
3:    0.172 0.284 0.169 0.152 0.222 1    
4:    0.250 0.153 0.169 0.237 0.191 1    
5:    0.201 0.071 0.315 0.285 0.128 1    
6:    0.205 0.231 0.165 0.192 0.207 1    
7:    0.154 0.315 0.141 0.163 0.226 1    
8:    0.241 0.067 0.317 0.228 0.147 1    
9:    0.189 0.153 0.239 0.237 0.183 1    
10:   0.235 0.072 0.284 0.259 0.150 1    
11:   0.278 0.083 0.231 0.227 0.181 1    
12:   0.168 0.254 0.202 0.200 0.175 1    
13:   0.206 0.239 0.161 0.178 0.216 1    
14:   0.235 0.043 0.343 0.249 0.130 1    
15:   0.233 0.151 0.208 0.200 0.207 1    
16:   0.239 0.048 0.284 0.296 0.133 1    
17:   0.204 0.234 0.195 0.156 0.211 1    
18:   0.249 0.094 0.253 0.230 0.174 1    
19:   0.295 0.069 0.202 0.257 0.176 1    
20:   0.229 0.142 0.244 0.200 0.186 1    
21:   0.305 0.062 0.190 0.264 0.179 1    
22:   0.206 0.208 0.180 0.181 0.225 1    
23:   0.121 0.411 0.114 0.134 0.220 1    
24:   0.189 0.129 0.296 0.238 0.147 1    
25:   0.178 0.182 0.251 0.231 0.158 1    
26:   0.207 0.221 0.186 0.173 0.214 1    
27:   0.204 0.151 0.243 0.216 0.186 1    
28:   0.268 0.097 0.210 0.239 0.186 1    
29:   0.224 0.124 0.262 0.232 0.159 1    
30:   0.207 0.197 0.190 0.194 0.212 1    
31:   0.251 0.071 0.298 0.226 0.156 1    
32:   0.247 0.068 0.295 0.237 0.153 1    
33:   0.251 0.155 0.166 0.228 0.201 1    
34:   0.206 0.206 0.212 0.177 0.199 1    
35:   0.227 0.150 0.217 0.205 0.201 1    
36:   0.198 0.100 0.281 0.276 0.145 1    
37:   0.242 0.117 0.231 0.191 0.219 1    
38:   0.178 0.232 0.174 0.172 0.244 1    
39:   0.206 0.094 0.286 0.268 0.145 1    
40:   0.248 0.136 0.187 0.244 0.185 1    
41:   0.215 0.098 0.269 0.261 0.157 1    
42:   0.173 0.162 0.258 0.247 0.160 1    
43:   0.334 0.033 0.191 0.272 0.171 1    
44:   0.230 0.058 0.332 0.242 0.138 1    
45:   0.211 0.096 0.278 0.263 0.152 1    
46:   0.334 0.034 0.189 0.273 0.171 1    
47:   0.229 0.136 0.246 0.194 0.196 1    
48:   0.239 0.053 0.294 0.276 0.139 1    
49:   0.243 0.068 0.297 0.237 0.155 1    
50:   0.234 0.161 0.218 0.201 0.186 1    
51:   0.205 0.065 0.308 0.296 0.126 1    
52:   0.215 0.175 0.218 0.204 0.189 1    
53:   0.194 0.155 0.226 0.220 0.206 1    
54:   0.206 0.209 0.200 0.167 0.219 1    
55:   0.200 0.273 0.144 0.183 0.199 1    
56:   0.126 0.402 0.133 0.123 0.216 1    
57:   0.174 0.263 0.186 0.176 0.201 1    
58:   0.239 0.103 0.255 0.219 0.183 1    
59:   0.152 0.267 0.162 0.162 0.257 1    
60:   0.247 0.057 0.315 0.236 0.145 1    
61:   0.240 0.155 0.218 0.189 0.198 1    
62:   0.251 0.141 0.215 0.208 0.186 1    
63:   0.256 0.109 0.260 0.196 0.179 1    
64:   0.124 0.394 0.115 0.119 0.249 1    
65:   0.210 0.048 0.329 0.294 0.119 1    
66:   0.212 0.169 0.199 0.192 0.228 1    
67:   0.107 0.473 0.097 0.102 0.221 1    
68:   0.189 0.275 0.154 0.177 0.205 1    
69:   0.165 0.213 0.218 0.226 0.177 1    
70:   0.187 0.117 0.280 0.270 0.147 1    
71:   0.224 0.100 0.265 0.253 0.158 1    
72:   0.165 0.252 0.166 0.170 0.247 1    
73:   0.107 0.481 0.093 0.104 0.216 1    
74:   0.277 0.092 0.218 0.236 0.178 1    
75:   0.231 0.173 0.202 0.198 0.195 1    
76:   0.199 0.099 0.286 0.266 0.149 1    
77:   0.210 0.062 0.311 0.292 0.126 1    
78:   0.253 0.107 0.257 0.197 0.186 1    
79:   0.237 0.156 0.235 0.180 0.192 1    
80:   0.211 0.085 0.289 0.278 0.137 1    
81:   0.195 0.212 0.201 0.193 0.198 1    
82:   0.254 0.131 0.202 0.218 0.194 1    
83:   0.221 0.156 0.214 0.209 0.201 1    
84:   0.201 0.083 0.317 0.263 0.136 1    
85:   0.087 0.520 0.080 0.088 0.224 1    
86:   0.228 0.089 0.261 0.256 0.165 1    
87:   0.148 0.324 0.146 0.149 0.233 1    
88:   0.272 0.084 0.212 0.259 0.174 1    
89:   0.256 0.120 0.224 0.208 0.192 1    
90:   0.175 0.162 0.243 0.251 0.168 1    
91:   0.237 0.113 0.239 0.231 0.180 1    
92:   0.183 0.189 0.252 0.214 0.162 1    
93:   0.270 0.073 0.214 0.266 0.178 1    
94:   0.208 0.150 0.213 0.255 0.174 1    
95:   0.222 0.171 0.220 0.179 0.208 1    
96:   0.193 0.212 0.187 0.176 0.233 1    
97:   0.104 0.468 0.104 0.108 0.216 1    
98:   0.215 0.098 0.283 0.254 0.151 1    
99:   0.242 0.068 0.256 0.288 0.147 1    
100:  0.237 0.107 0.222 0.267 0.167 1    
101:  0.230 0.147 0.225 0.211 0.187 1    
102:  0.179 0.221 0.190 0.208 0.202 1    
103:  0.270 0.127 0.180 0.229 0.194 1    
104:  0.142 0.385 0.125 0.141 0.206 1    
105:  0.194 0.089 0.308 0.277 0.133 1    
106:  0.116 0.428 0.103 0.116 0.236 1    
107:  0.202 0.165 0.215 0.213 0.205 1    
108:  0.228 0.055 0.320 0.266 0.131 1    
109:  0.208 0.096 0.266 0.279 0.151 1    
110:  0.182 0.154 0.256 0.238 0.169 1    
111:  0.254 0.101 0.257 0.215 0.173 1    
112:  0.293 0.084 0.198 0.246 0.179 1    
113:  0.217 0.164 0.224 0.214 0.181 1    
114:  0.159 0.273 0.158 0.161 0.250 1    
115:  0.235 0.091 0.238 0.281 0.156 1    
116:  0.219 0.168 0.214 0.201 0.198 1    
117:  0.118 0.349 0.127 0.133 0.273 1    
118:  0.090 0.459 0.094 0.106 0.250 1    
119:  0.151 0.302 0.146 0.147 0.254 1    
120:  0.130 0.302 0.139 0.154 0.276 1    
121:  0.075 0.494 0.083 0.098 0.250 1    
122:  0.110 0.437 0.102 0.117 0.233 1    
123:  0.162 0.259 0.161 0.162 0.257 1    
124:  0.128 0.365 0.132 0.141 0.234 1    
125:  0.094 0.521 0.082 0.094 0.210 1    
126:  0.099 0.393 0.112 0.127 0.269 1    
127:  0.099 0.493 0.090 0.093 0.226 1    
128:  0.092 0.480 0.086 0.103 0.239 1    
129:  0.126 0.360 0.128 0.134 0.252 1    
130:  0.077 0.543 0.074 0.092 0.214 1    
131:  0.164 0.287 0.148 0.162 0.239 1    
132:  0.118 0.403 0.118 0.129 0.233 1    
133:  0.211 0.168 0.196 0.183 0.241 1    
134:  0.075 0.488 0.084 0.101 0.252 1    
135:  0.130 0.344 0.146 0.143 0.237 1    
136:  0.160 0.322 0.153 0.151 0.215 1    
                    
                    
1:    0.140 0.197 0.249 0.260 0.154 1    
2:    0.216 0.183 0.223 0.182 0.195 1    
3:    0.216 0.196 0.195 0.195 0.197 1    
4:    0.223 0.209 0.170 0.146 0.253 1    
5:    0.142 0.198 0.258 0.253 0.150 1    
6:    0.216 0.194 0.187 0.181 0.222 1    
7:    0.186 0.216 0.179 0.214 0.205 1    
8:    0.219 0.172 0.251 0.176 0.181 1    
9:    0.157 0.195 0.236 0.244 0.167 1    
10:   0.197 0.199 0.229 0.169 0.205 1    
11:   0.235 0.162 0.223 0.157 0.223 1    
12:   0.173 0.200 0.217 0.234 0.176 1    
13:   0.221 0.204 0.187 0.175 0.213 1    
14:   0.193 0.171 0.274 0.185 0.177 1    
15:   0.214 0.182 0.211 0.174 0.220 1    
16:   0.177 0.214 0.220 0.189 0.200 1    
17:   0.212 0.208 0.195 0.201 0.184 1    
18:   0.212 0.163 0.242 0.176 0.207 1    
19:   0.241 0.177 0.189 0.129 0.265 1    
20:   0.225 0.184 0.230 0.163 0.197 1    
21:   0.254 0.178 0.179 0.116 0.273 1    
22:   0.219 0.197 0.206 0.194 0.184 1    
23:   0.210 0.217 0.147 0.219 0.207 1    
24:   0.162 0.184 0.267 0.229 0.158 1    
25:   0.164 0.192 0.250 0.234 0.161 1    
26:   0.239 0.197 0.200 0.180 0.184 1    
27:   0.188 0.195 0.232 0.213 0.172 1    
28:   0.247 0.171 0.200 0.157 0.224 1    
29:   0.195 0.183 0.237 0.192 0.193 1    
30:   0.205 0.195 0.199 0.198 0.203 1    
31:   0.219 0.172 0.254 0.159 0.195 1    
32:   0.202 0.173 0.257 0.167 0.200 1    
33:   0.226 0.217 0.151 0.167 0.239 1    
34:   0.230 0.170 0.226 0.166 0.208 1    
35:   0.238 0.185 0.203 0.189 0.186 1    
36:   0.142 0.197 0.246 0.261 0.153 1    
37:   0.226 0.193 0.224 0.187 0.170 1    
38:   0.184 0.203 0.200 0.221 0.192 1    
39:   0.151 0.195 0.246 0.249 0.158 1    
40:   0.222 0.203 0.183 0.153 0.239 1    
41:   0.172 0.187 0.236 0.234 0.171 1    
42:   0.145 0.196 0.249 0.255 0.154 1    
43:   0.242 0.177 0.185 0.108 0.288 1    
44:   0.196 0.170 0.267 0.192 0.175 1    
45:   0.169 0.193 0.234 0.232 0.172 1    
46:   0.242 0.179 0.182 0.109 0.288 1    
47:   0.231 0.188 0.231 0.181 0.168 1    
48:   0.174 0.185 0.248 0.211 0.182 1    
49:   0.212 0.168 0.254 0.171 0.195 1    
50:   0.230 0.174 0.224 0.162 0.211 1    
51:   0.136 0.196 0.252 0.266 0.150 1    
52:   0.214 0.207 0.191 0.181 0.207 1    
53:   0.170 0.199 0.219 0.233 0.178 1    
54:   0.216 0.206 0.190 0.195 0.193 1    
55:   0.222 0.219 0.150 0.169 0.240 1    
56:   0.214 0.225 0.146 0.208 0.206 1    
57:   0.211 0.205 0.173 0.201 0.210 1    
58:   0.213 0.181 0.238 0.185 0.184 1    
59:   0.207 0.227 0.134 0.214 0.219 1    
60:   0.208 0.172 0.254 0.168 0.199 1    
61:   0.238 0.201 0.186 0.173 0.203 1    
62:   0.238 0.159 0.230 0.150 0.222 1    
63:   0.224 0.187 0.221 0.166 0.201 1    
64:   0.182 0.203 0.194 0.222 0.199 1    
65:   0.138 0.196 0.258 0.256 0.151 1    
66:   0.201 0.190 0.212 0.190 0.208 1    
67:   0.232 0.249 0.089 0.212 0.217 1    
68:   0.218 0.221 0.154 0.183 0.225 1    
69:   0.152 0.194 0.241 0.255 0.158 1    
70:   0.146 0.198 0.242 0.259 0.156 1    
71:   0.185 0.190 0.232 0.204 0.189 1    
72:   0.186 0.206 0.196 0.222 0.190 1    
73:   0.232 0.247 0.085 0.214 0.222 1    
74:   0.232 0.174 0.210 0.148 0.236 1    
75:   0.238 0.165 0.215 0.165 0.216 1    
76:   0.153 0.199 0.244 0.248 0.156 1    
77:   0.143 0.198 0.246 0.255 0.158 1    
78:   0.230 0.169 0.237 0.162 0.202 1    
79:   0.236 0.197 0.204 0.176 0.187 1    
80:   0.152 0.190 0.250 0.249 0.159 1    
81:   0.198 0.195 0.216 0.197 0.194 1    
82:   0.239 0.190 0.194 0.155 0.222 1    
83:   0.212 0.196 0.215 0.198 0.179 1    
84:   0.153 0.192 0.265 0.239 0.150 1    
85:   0.232 0.248 0.083 0.216 0.221 1    
86:   0.185 0.191 0.229 0.217 0.178 1    
87:   0.192 0.209 0.190 0.216 0.193 1    
88:   0.228 0.191 0.193 0.131 0.258 1    
89:   0.237 0.173 0.216 0.165 0.209 1    
90:   0.149 0.199 0.241 0.255 0.156 1    
91:   0.220 0.185 0.221 0.189 0.185 1    
92:   0.177 0.198 0.233 0.223 0.169 1    
93:   0.222 0.193 0.199 0.150 0.236 1    
94:   0.183 0.211 0.189 0.209 0.209 1    
95:   0.212 0.195 0.215 0.183 0.196 1    
96:   0.201 0.205 0.187 0.204 0.204 1    
97:   0.205 0.226 0.141 0.218 0.210 1    
98:   0.186 0.197 0.231 0.209 0.177 1    
99:   0.184 0.199 0.211 0.189 0.217 1    
100:  0.195 0.207 0.185 0.204 0.209 1    
101:  0.221 0.174 0.226 0.186 0.194 1    
102:  0.175 0.201 0.209 0.233 0.181 1    
103:  0.245 0.208 0.168 0.140 0.239 1    
104:  0.209 0.209 0.163 0.202 0.216 1    
105:  0.143 0.197 0.259 0.254 0.147 1    
106:  0.177 0.204 0.192 0.226 0.201 1    
107:  0.182 0.189 0.232 0.218 0.179 1    
108:  0.181 0.189 0.260 0.197 0.173 1    
109:  0.154 0.198 0.225 0.250 0.173 1    
110:  0.166 0.203 0.235 0.233 0.163 1    
111:  0.231 0.166 0.240 0.149 0.215 1    
112:  0.244 0.194 0.173 0.130 0.259 1    
113:  0.223 0.188 0.192 0.197 0.199 1    
114:  0.207 0.221 0.148 0.212 0.212 1    
115:  0.181 0.206 0.217 0.202 0.194 1    
116:  0.220 0.189 0.201 0.178 0.212 1    
117:  0.165 0.214 0.193 0.242 0.186 1    
118:  0.146 0.220 0.194 0.255 0.185 1    
119:  0.169 0.209 0.203 0.235 0.183 1    
120:  0.185 0.216 0.170 0.232 0.198 1    
121:  0.168 0.221 0.170 0.248 0.194 1    
122:  0.153 0.216 0.197 0.244 0.191 1    
123:  0.186 0.211 0.187 0.228 0.187 1    
124:  0.177 0.208 0.192 0.225 0.198 1    
125:  0.196 0.221 0.150 0.223 0.209 1    
126:  0.159 0.215 0.190 0.244 0.192 1    
127:  0.159 0.222 0.190 0.234 0.196 1    
128:  0.176 0.216 0.176 0.227 0.204 1    
129:  0.167 0.217 0.191 0.239 0.185 1    
130:  0.187 0.222 0.148 0.238 0.204 1    
